14611
714626
243616
705335
342985
948097
162457
858390
779858
892015
409292
932025
784498
254554
361597
751325
286758
670582
471556
382648
14730
769830
530203
817718
682506
649199
422012
678438
452603
498373
795361
411823
561960
533191
424305
250707
23468
198125
701529
806145
817590
852945
738595
776046
802988
167982
832222
276625
334506
27980
426220
898426
606662
440708
738415
233880
767557
434593
4189
750523
197259
891145
491092
660215
674394
533614
626102
561098
636563
806771
469580
344101
425707
122361
478506
848765
343144
102162
539280
762681
767880
294779
11755
736921
942142
468042
158714
202580
344882
102937
173176
419066
102602
474446
433227
842957
73860
97079
712654
114335
450159
826806
919111
291217
613507
773250
986496
563438
779896
769727
105958
310345
482158
311232
490490
101647
40181
603010
643305
292811
424142
30243
64116
355949
776282
897032
942016
242599
651437
234205
65630
674048
543725
712800
746801
149820
828096
11581
754167
108442
113879
873682
204841
99016
546242
315316
164485
218996
596947
67715
609040
624608
114443
934381
93520
934587
279638
433384
298982
450805
576137
459902
99763
289912
119951
349644
726938
328433
569176
155894
985483
411873
469520
165574
514486
177537
657935
946375
666130
231425
918920
225836
671375
388583
598871
801221
409704
766792
157699
999821
501662
187276
615841
481091
909867
322360
347956
668714
365619
268050
743570
973693
910993
744425
243588
259615
985421
941289
115530
79904
13899
385663
30346
366544
86080
203879
24595
20124
574578
704546
643838
565920
984232
311816
990555
242130
290469
233304
854339
906615
95406
743038
642557
281903
607474
674184
723276
504119
291519
481445
181660
498797
699838
271771
170422
436480
747588
327967
372051
618272
959290
443773
488777
936198
58723
998282
140279
788140
524740
471928
346404
573026
170854
246322
565065
179870
243292
393019
883747
282393
70276
704484
133422
244518
685623
813102
978099
161244
653032
906806
761878
471631
848635
845574
426670
409880
711845
482402
975821
720513
428999
62874
385372
840637
693304
276169
257970
229263
711396
991716
417524
686074
137779
544046
809553
845840
13981
595542
361456
852922
617782
382411
930178
47832
60123
502328
367858
526837
270724
889129
526321
478907
601054
324269
960357
698687
948810
482267
253878
507515
404226
89970
344624
386963
360660
10332
330137
286685
226092
145986
747240
367493
968236
54879
689511
255969
186480
912116
517097
255799
642323
596314
195843
828970
143220
370199
250955
785123
459574
962494
824806
306407
760726
767334
753801
890762
99938
207249
370095
119306
573349
758720
380735
946118
108843
86560
846432
485476
484243
677382
606790
675454
823525
647591
522728
616749
56311
204912
433473
136761
124226
633660
345674
840887
705610
540935
102023
630744
55695
713494
344782
526986
948540
712007
84581
978969
220787
292030
440521
951087
602781
433160
439710
875903
714212
878025
784270
803063
998063
814380
612199
193397
244124
648255
886109
981197
343964
390018
22637
737482
742339
965219
547934
869929
595876
137073
237492
651425
674154
217889
301595
593871
585316
65876
558318
200736
713164
89558
645138
203147
895776
976493
365563
577134
509991
330060
612787
820861
151563
899765
980083
124812
284914
459475
733709
135732
779421
778507
837426
244932
929370
598827
527171
324136
149954
959210
237125
789809
130969
995853
221120
199815
345849
600586
355080
868947
80092
887725
870770
854960
407403
750788
224166
592488
131454
20265
825700
361007
474217
991121
639973
813350
680118
691438
668783
440890
745447
826568
873346
636843
917985
27747
644303
496292
90803
402636
148262
693313
200924
521180
315840
858392
649220
361826
534123
732593
14694
315852
321249
545486
931013
178774
324269
961195
104821
168237
796475
525951
580873
190041
180223
743825
784434
78385
747176
189250
524138
757449
351510
429588
192547
573761
851962
487415
973287
384523
498229
231474
713432
942159
864497
94004
20822
1382
447994
286743
757155
378898
771809
894061
638077
457768
700860
748198
724437
550720
87325
795231
327224
394653
453983
488594
980982
751613
524582
851160
380045
766970
958372
964056
825610
502934
894708
134886
658580
687481
520334
362905
62782
807654
903291
989965
977303
183083
632069
817045
719686
952169
824036
43892
789497
680549
655031
735481
5940
222138
445032
955839
587774
702795
461258
23767
138534
397029
990636
243025
644061
976773
928920
537874
294703
830080
90147
280945
768016
73646
767139
996324
776204
366162
71724
119508
369501
476815
886393
784754
101207
347931
336639
844241
16008
918507
800211
104028
820038
960816
891917
895954
732214
766115
415284
438152
951674
325840
967524
147666
53709
248967
293105
641240
640000
117871
492784
355389
420989
263225
740025
937568
476644
359635
793307
540831
145284
569257
223417
798149
267177
180832
281132
73432
64315
912035
577687
815999
697498
172923
736596
636254
474362
612367
158685
615491
161517
22151
344496
394545
374358
345166
655554
82154
957873
23963
597759
525519
993951
924675
893960
123130
177490
250153
499033
103986
226920
186839
627832
823137
663529
257771
984268
690400
717461
466231
943772
405956
146394
344406
368740
474890
2502
145910
697274
65066
362692
210007
520404
135376
38709
561488
582931
826091
696826
336244
538250
488900
707074
325006
770500
603401
547154
685379
103673
825108
141792
274305
793685
76663
729149
573775
237537
111528
943836
975362
966567
340062
247098
535358
685767
245283
457778
271726
870511
136432
380923
142393
725189
836444
77923
374925
629186
73324
213966
543641
134531
395770
356326
311642
885271
590038
707147
790571
476417
736349
293741
580558
65027
427600
579757
241462
959047
373190
357502
269677
630889
324094
200350
59801
455728
474362
939837
690126
891210
244649
19755
781444
126718
996924
110869
861005
727355
394296
285061
763168
102394
322242
685231
764918
707222
998518
191479
898399
320206
459857
992065
609978
513412
131214
437711
296519
634417
273931
616063
61365
518798
351839
109251
63781
293624
660732
951950
225639
805446
621255
879010
324460
436187
361903
347417
912024
44370
212923
568433
180990
642090
984659
938173
73914
452316
753541
371681
86527
161273
217472
509483
152213
253005
888445
505015
203579
955847
888662
234765
210059
293803
633008
55201
442687
719235
189206
981698
829494
17315
200812
313184
197021
149492
983326
894542
696716
386047
259237
68389
510848
880876
809836
507575
237546
299521
96794
17647
23474
221148
919725
666351
477221
550557
321636
220590
517413
395803
727662
220152
817143
416347
146104
810364
22914
577843
580697
993094
934333
637996
220917
969434
863436
561946
705381
675036
174892
656609
900988
283333
358978
145872
55354
960725
530669
294830
406574
662319
556744
861671
165984
599748
68588
933535
44911
817816
798234
837588
682390
268791
485902
997637
656143
974807
394483
256131
363568
817308
416421
510791
688291
464364
258565
712851
99536
917969
78691
822492
342879
75703
143561
945934
802256
878951
836559
8085
294975
90301
333894
861599
855636
710325
623183
156544
886628
121475
404086
692971
508559
364302
10184
911545
132357
400436
90524
503190
479921
799301
871488
793979
681184
481640
378847
267908
835155
373001
560051
167942
419163
530611
339957
107902
795590
178138
270764
513561
826433
93283
322570
182697
376969
226980
302321
757217
427951
51905
245604
4009
810923
348290
801939
438611
25620
269844
702899
688952
341724
410921
688097
32631
34002
865815
764337
573515
623703
396239
935648
308654
612154
391136
756724
978295
530634
333352
842554
446179
711154
958558
110125
49149
975337
482996
298296
958085
828262
598580
299375
124243
395800
686578
323228
285806
520333
353201
193832
992587
176562
184662
710695
485082
100050
567625
801824
606709
374600
376398
882209
417161
48390
722928
889409
135482
601695
681503
224379
483536
14822
213910
852459
126459
996399
881629
195110
932050
485779
458169
219129
987533
555077
186479
535729
136019
159070
494815
802228
364172
545328
309402
662274
831228
370952
245920
729358
484904
849176
950501
611762
236556
224369
325646
325723
334765
745993
487749
665441
47894
927449
889320
960674
304723
345149
328425
142046
713886
50418
905103
454116
143240
727594
916202
137801
515858
49628
91741
736113
974492
454545
343498
119769
412868
507155
665103
833209
958920
671014
293473
656592
125107
867884
219331
227166
992547
669846
216012
12491
926239
302719
744149
234668
862804
479479
75592
986693
513193
194451
120013
96288
784260
470619
266199
212076
426266
842790
728077
675426
446804
893858
630995
133622
978078
655170
531298
432783
20010
941563
320092
105718
428419
319057
146708
624699
274653
571040
623007
516660
974256
843549
174916
490051
224099
909286
738761
74270
66747
65010
534225
300276
602007
55564
75838
698261
605639
930126
370862
205836
571430
558683
248744
561410
189368
280749
365690
398471
28188
545912
577206
63890
153845
322669
736220
444057
191893
343323
62701
88772
476599
826986
221797
134032
732948
630092
479462
845599
403931
958759
223453
191333
661688
384015
787350
363292
828809
447082
720931
945155
507899
996290
940745
744074
755387
54382
717726
1030
314950
201160
970010
93093
683461
525259
294807
715849
475639
748200
570716
379555
763607
615749
408170
135177
235923
813939
713166
502920
182227
631120
406165
759036
575176
166215
372267
606485
415493
952632
335504
741938
256729
596852
281413
133985
526265
436004
483288
133521
412872
678198
810476
583780
838110
202697
268032
980484
333371
593360
166689
699818
85637
345327
436486
515201
348240
766625
778502
903196
405114
788572
218452
397205
744977
708627
140556
65157
676133
625455
578090
151530
345062
611076
422805
147662
372639
238692
714610
968231
399250
533668
799169
90427
895380
289270
597888
395898
840767
443600
392733
903823
587314
472100
279165
782547
856043
361215
326239
19058
599002
242339
496011
226298
962226
221576
496348
598953
797378
17508
916282
738128
429005
412922
575371
536777
892110
724015
958501
744687
605842
590716
805642
364395
209128
140659
763050
107044
416476
346353
185045
898077
427463
918258
591124
154932
322898
447105
740569
475488
552244
96091
489694
287077
644331
137546
983590
719931
863481
695820
604371
624650
157727
477385
309454
882345
820958
268684
400966
336190
893722
562819
749043
420739
625372
319851
23292
667637
682979
172929
731168
739073
298667
909500
222532
424324
302832
549861
100633
13035
308548
975211
892822
891716
121552
437173
313933
185535
927597
826005
341582
343578
847841
963802
535110
294662
241976
836710
898094
200844
664600
57152
854649
311382
771298
176659
14966
100730
66740
715513
605293
66718
376005
153173
79145
422345
685220
851003
771345
377237
886536
581800
925736
117793
382924
541925
817962
866670
630739
304371
270593
843269
929250
880940
692829
366996
142239
455185
715500
480517
746518
710381
682190
111905
508440
84996
167101
757296
431498
76627
156746
626319
214906
664071
662208
378407
682222
204311
884902
33488
901285
666367
606114
144394
985275
96868
552412
765902
587120
710008
16919
314563
102845
910280
814200
555948
503632
456199
755598
501615
674335
879914
678672
971997
882753
193051
229225
433989
574405
734375
975880
584748
878416
552656
155084
575506
419131
526185
163670
872663
21313
271037
55621
168517
249643
244695
670856
9077
145799
934225
260943
654737
732692
305833
108176
267816
920838
859396
398526
504409
618424
933790
821406
72828
844311
430254
934932
389930
45524
640910
894547
607175
821652
317599
50238
21295
869929
522820
667607
354093
332828
143396
562500
670298
146704
660704
862556
377712
694602
216032
442021
752479
847812
625679
604512
72999
495574
363609
281644
317251
343405
776327
19154
723547
519240
451775
996106
179081
411898
548477
768386
931153
282099
287043
448243
605516
304792
65081
397030
637929
17389
704849
952642
551019
430861
859614
312948
642664
891891
964597
465143
328540
672412
334740
456724
933600
487378
86507
863001
603410
937541
752841
915184
975850
995386
831081
943938
913240
79728
870753
387490
244917
444091
441765
408045
977145
725375
431656
671868
521840
125001
610576
418129
273333
899369
28000
988739
10025
504450
929145
313120
8551
74804
683448
399708
804387
319478
343846
855236
361832
976679
234055
861785
560497
684802
354985
203188
335581
206423
378148
101348
121304
957145
924551
641235
443628
495306
326389
515331
931022
983272
843495
134642
72450
840745
393200
645141
270672
293069
628056
482904
181951
349232
962415
810102
548029
988308
195523
311055
563818
673318
174529
869308
208235
271590
592120
73434
522484
342394
355364
368855
576420
786334
883445
197827
273534
56864
1344
782894
597996
498670
45732
821225
270195
171741
411505
156190
59620
314865
154152
285517
393632
701876
566987
140003
148219
859743
284171
799975
423201
820658
137412
548999
227127
616462
625530
269056
704035
490627
615530
375787
698153
214142
14034
552484
688728
714368
70365
276067
486540
602689
148974
228723
10291
233579
992945
304810
333849
712523
800071
820565
988775
265067
542952
3603
887908
35562
824732
83480
995797
466413
787949
516119
15421
707615
468250
400893
341732
831063
337722
248369
719437
876670
864347
567967
928064
643070
326621
619154
46416
750177
243230
43987
312148
610714
341913
263891
894420
897489
907584
312894
619184
806594
192107
991648
706693
911508
948844
984129
452815
350813
696417
738870
644261
630579
723362
661282
41401
857333
233870
408237
699679
400040
60051
679721
591117
312806
38893
411241
509803
50243
649950
338673
127171
258200
722777
55257
267908
106533
238918
775689
999438
535265
437741
189702
858001
912531
115875
127196
773488
702240
981660
763744
886704
326830
471999
57598
18389
193180
384691
180236
348919
316928
948631
305163
694772
196536
211104
281211
648885
419007
430052
73180
14256
504436
545611
892201
532891
524374
685566
445685
228088
57435
86471
325627
778691
172067
686774
563206
455811
281115
361251
446359
604770
444708
994670
507922
687927
417166
994679
672767
30078
278209
224100
153312
36920
285852
277202
231980
667509
115019
162663
295544
334147
416251
492871
913930
395570
767403
819830
41995
148456
324268
222504
937533
282142
15848
979498
282888
744911
651324
595734
300415
726740
37781
990688
477780
713800
168162
53002
921775
746689
873065
902185
428435
448715
592079
752742
307887
576061
43676
593920
275181
23785
174188
206826
281964
377690
700323
556421
156624
490056
670376
81720
949589
695319
96406
641308
904254
740419
188660
192055
222195
828
614556
737677
665155
403623
557937
267793
898936
888742
415459
371386
216310
663300
157599
501539
889173
848296
345765
925866
541376
582535
253006
132113
319943
617765
881412
818846
12465
858886
817893
604640
192719
687505
812396
211004
184906
343386
372892
458281
724778
617124
936267
587104
266038
294033
606434
926526
571284
99713
938805
240915
198449
432129
788389
653173
933746
699522
977894
715480
471632
302731
941232
579794
179558
877004
444694
53949
136583
837143
396037
846978
201787
583007
467227
885093
279927
144647
558651
895106
412542
814600
688269
784802
211305
524131
328467
843019
259094
801497
310765
993365
380660
324412
765706
917159
502490
644408
646975
188401
859509
684982
611994
770928
156690
20866
436987
144412
347564
351909
491411
376903
540880
305963
549387
470681
217623
201172
127219
133317
63402
492594
532812
81866
319310
468959
129823
612890
82801
526253
383465
328923
595412
232716
51710
289912
305659
87013
857736
869377
239172
958051
834641
226612
25220
527647
562932
987857
627753
941680
721058
338217
42474
387405
908737
808954
312454
543344
611638
667168
483673
876427
405967
293118
116891
920853
129563
116161
73805
284557
700476
578780
41181
264250
399504
942964
903190
515390
41835
675094
131669
6282
585667
254048
384463
800482
282620
686439
550986
424226
708879
855963
136126
636067
409458
290273
128305
343832
435219
268569
708959
186085
644639
801820
477283
668815
958961
39093
250328
261286
247558
311442
489169
61866
446728
668545
498322
483604
322674
527532
872818
543982
905038
950154
148705
91745
378761
420601
679322
195135
460202
776414
607883
186879
559709
831851
32487
160868
718697
617158
269612
653121
658117
191560
131897
954073
963164
702293
868024
810560
268178
111559
584057
62389
565479
788537
794016
391637
311364
571387
478807
133941
101748
748868
538971
354058
711539
417113
902762
951247
164596
122238
135421
564547
514550
5983
525105
72456
451392
44695
603068
677887
13408
323821
528945
476935
50474
703926
525143
916362
162702
203967
418186
611114
109081
434620
409415
621997
984546
271098
83560
723266
683525
910780
111513
595751
148320
103367
580635
806432
569801
270771
837666
22143
996726
78988
441688
774607
265338
889465
411296
75081
600093
207764
77168
189516
608751
425440
701375
258156
796567
750724
112253
941130
646291
603415
168692
902491
315975
573954
678248
425123
115046
809964
347058
163150
98266
515228
489304
608741
356851
809951
212641
625413
696274
481729
351982
628757
758053
104947
266405
914283
916487
254843
119949
402571
250774
702372
745491
462930
682822
471935
314989
916918
195594
644269
585706
483560
482338
516055
970469
296417
91689
892589
563397
620861
164613
101214
57717
404449
547476
650097
189592
932383
357193
202774
537924
206934
216046
880877
582882
110202
354651
427146
272036
355803
974252
313504
483738
723349
644273
880971
958996
435592
879501
361301
609101
490879
550727
795109
469285
493017
539430
146819
388393
751588
122530
157848
715710
322015
528103
851050
488529
702622
758158
33974
789213
418785
115186
26341
808056
578429
823342
854683
300830
105160
594486
254102
473235
720496
633225
69574
163648
33069
938832
228409
361659
882519
285189
680905
764604
40249
17481
816335
507524
72929
217376
724314
714386
909138
716522
783672
829122
81759
119414
717183
465514
946869
902533
232854
845648
169374
308737
76074
646064
673667
166029
552176
237618
802737
584418
833868
328495
634986
236303
92299
421176
825331
870540
640612
446096
689247
932487
28275
304690
999896
20202
921922
188178
528068
376819
855301
713076
147960
564398
310056
618296
825599
964285
368924
383996
396108
630956
941122
162748
167783
20205
299235
532555
723209
729723
283148
648402
596950
173516
42408
810451
976224
441309
730541
59123
768574
185186
829844
880920
678113
354038
279083
23124
496981
978478
972946
584441
661653
590314
817367
464720
41933
752998
783281
355905
388323
900081
438619
915260
695282
245580
579949
348243
756210
643251
495956
154443
944022
960510
715931
405498
532193
515101
692107
773026
269228
371778
92011
315684
444078
518132
345664
975895
401920
223923
416261
718507
199834
77014
19131
775487
392715
985015
372373
481570
702685
923980
640604
556450
159378
738427
613307
668612
175019
803691
468831
924917
732
70433
682139
634381
36608
873480
192611
928171
491650
487502
798023
203565
412777
758177
594506
202850
491995
306225
845332
26051
494133
37292
970585
47281
752593
823231
462902
79905
514006
403947
678523
156114
863132
46985
646275
621693
779039
528299
495864
374609
717656
863678
24304
921866
875514
45335
197934
1237
588417
231959
982484
557153
88282
995936
320431
909136
601019
977333
325784
383188
708319
767815
176542
64544
576483
917209
748304
686879
534320
319969
441173
484524
78814
973283
66564
271039
952352
576590
421165
768015
879918
558594
132169
603352
905412
925323
491923
593196
73834
706633
359942
670765
100179
111478
107409
757634
634444
895163
936325
291844
187190
16284
35690
449283
909687
444701
414216
576478
457549
792268
430477
871128
683752
983960
620861
170210
503487
555712
402465
58810
723000
917925
155971
754281
405553
628950
209527
726756
452454
20645
401422
449020
611124
71928
127080
368833
502138
652005
741695
53642
297091
439846
962173
729676
819358
23521
446635
99198
663805
467934
602522
120276
50427
228786
695428
970837
269255
75496
435587
985534
102051
567004
898059
168182
562909
652703
533459
612828
431319
66923
675715
428733
148942
458188
189136
757597
226207
175806
33591
24007
97247
140075
732087
215742
2946
628319
198117
144543
320560
107536
228435
507084
442373
696812
44042
107429
374946
609268
788144
656735
418180
344657
745094
716593
630783
400056
624327
39440
183490
22691
531203
760519
500738
92390
911222
61008
812927
205744
477976
90630
170545
209332
846292
325211
888615
735697
163836
675980
654357
72306
524090
603353
805309
984463
275516
23478
465104
171805
271667
944253
366144
574783
181735
424534
774062
928908
579700
759471
593580
223888
829612
222421
754896
151821
124308
322190
830827
551114
310572
887468
672495
264032
152361
500782
991521
737029
734428
124099
289352
680497
989815
196467
888939
336872
871771
747463
378488
947760
274887
750826
274482
422677
93778
953871
176515
747790
766491
484673
235588
978997
674678
280247
122478
616102
875544
815761
804320
941622
344544
149095
729029
585277
349729
831200
679488
729444
491320
605244
414151
285903
490523
239954
517104
389673
671163
745660
631291
749607
460927
396175
722391
316243
867284
506332
366520
162123
178121
970359
290233
707345
373668
903262
374135
168015
180095
527318
427718
620444
779662
186809
856518
444456
956731
337070
517179
927348
291840
268890
50180
903633
411620
687621
49123
680339
99903
179717
168764
66710
602391
713089
32087
128613
942895
493167
998579
976500
879848
994316
355615
996201
590539
634039
968644
665911
784019
872241
49228
129602
769497
686967
738576
997630
909520
622435
304402
212467
191730
979364
283279
696923
51291
145354
409655
128399
202571
449488
503284
493471
18862
759462
89958
270023
768471
47359
141008
145170
102365
964046
239115
4603
404348
141076
697958
590368
623902
697310
841580
933860
597109
835392
819453
913390
732079
466837
235402
104184
91841
139716
309686
478351
637838
793406
277949
476918
975957
922962
767122
74869
22731
269676
864522
716046
857218
131804
530201
993181
368661
341708
95214
847775
867555
842166
200274
122183
359889
717879
286979
132682
931380
881950
811744
248224
425194
429396
473246
341262
538691
196739
919243
974353
427383
352604
385226
270321
839031
440740
501048
235072
487928
332110
731599
619798
58097
489761
285867
54920
814404
537294
893411
559366
962215
425925
33973
785506
614814
766407
322350
390020
301826
755194
140404
843669
464654
207199
343643
153684
63512
388600
966657
887495
666387
818466
188006
509831
6945
411675
998355
677144
47151
985308
226455
610001
847635
835139
221611
835501
251858
658946
416933
451611
571604
920647
529287
115802
434776
899743
276124
753799
629266
617786
494599
835676
197143
731797
348708
678426
227303
240347
166610
362336
1563
722477
132239
15830
729273
507896
845009
796130
309131
188596
233417
56228
864823
555260
262157
997199
178698
524385
18815
568084
717298
206351
707239
933490
69404
843956
499241
417791
232748
454751
553002
629997
752612
356276
886287
96064
860953
276165
837826
443549
256039
786581
496764
721735
285835
667247
777169
318377
238468
565393
828571
988328
42390
219146
784130
168619
94666
11202
324642
641853
298012
439090
391087
556087
86928
408826
193170
857707
2121
931468
606713
950006
321007
876179
9478
457678
529012
598828
935695
455404
690355
642690
955028
950921
408695
921390
266915
133385
878857
458621
216565
842720
758659
623476
330743
693728
391149
278456
893807
87930
403405
930015
116818
409527
126345
608041
844607
155841
29179
214870
906319
475927
515125
680488
935235
986124
898213
53383
367386
176758
831773
258625
910471
355295
379850
939667
482506
24857
507612
204786
83349
581422
966254
407335
529456
592496
24839
585557
838056
135516
590086
60616
469851
339201
64242
961901
679994
207497
981870
487047
54746
817257
890209
957397
248408
939148
673677
559503
174272
462586
45563
201506
560644
286071
658143
418215
335573
568310
992171
478815
872663
592995
224823
161300
646496
177696
485156
401788
450386
172895
483206
878458
183696
105476
582880
948681
442437
996693
593920
708930
52083
191972
399841
255199
211232
599587
757279
4073
190244
630758
846535
71974
672617
948912
643827
826621
16028
104386
706088
546197
721153
818778
844685
928078
367783
38453
921362
750892
869196
734822
676733
760728
428745
630269
894448
992730
804159
244558
589187
765698
672935
765088
712315
456484
103101
181250
533689
627814
824428
947742
169666
881232
418356
381025
999927
99959
949511
608634
296985
699445
85804
650084
990544
96800
19205
798950
101166
234690
652565
741441
82063
222574
930740
355240
348359
911133
635376
591113
543939
273972
194710
521457
758657
47028
542539
135737
22584
313321
157547
455054
730281
865047
484704
31726
416507
12607
95209
195203
53414
971739
511824
395039
494296
659436
956218
297882
735115
305637
342887
587500
221402
562791
769181
780990
440823
897066
799692
928629
795570
486870
529596
101792
719935
902338
538311
964448
953872
50945
71682
569933
988104
787235
228570
845152
127003
787675
758324
867659
817695
273006
602210
623592
661413
892452
87807
829835
723306
763516
576442
955698
56828
857436
582727
663152
817473
653526
186779
16488
195415
429390
871492
984004
953206
384035
46262
71490
363092
331971
308984
759113
868227
235066
638348
150587
55767
115113
100972
709385
600204
913510
235307
470543
238209
89725
37994
743327
46207
97314
653174
12254
295770
191152
15574
55851
653107
719963
853662
220175
229670
724558
653676
177786
206781
514512
588243
382723
607371
538501
955082
222463
23098
800031
949612
918739
571441
661349
410367
960513
172301
344333
479204
534836
896632
408860
592437
918965
809157
495287
681478
567844
233101
106933
905431
76337
317735
68048
737216
510362
818614
104323
844807
402769
789870
360438
328405
778956
385058
479372
240385
539025
908940
904463
704647
917103
717943
835154
146230
123961
53988
617900
734222
128170
335883
814877
629449
255584
310816
435470
482753
29846
609088
703589
337874
792910
558382
427554
288585
760535
890318
987682
767166
311259
766889
831943
114051
154057
219736
689360
200660
349228
805535
330091
438331
216067
534649
145359
29059
416781
28090
344392
643501
428824
854574
810080
481017
303992
785324
762242
835302
345598
251877
364945
199204
641459
930149
459830
147590
305649
849478
487392
741517
743603
335646
109072
51689
916389
120102
801177
456974
754225
632267
879926
730571
123121
21527
344331
645136
685573
732277
192597
651660
921396
644550
661634
513227
590422
954339
30109
451325
37977
258210
7782
507564
397074
639352
737330
639741
955958
822771
329247
152972
92294
250601
828272
816389
358164
169850
541888
332598
378687
544896
624509
166397
590989
643242
711203
125906
975093
29182
924201
158438
641113
436615
268783
157709
114978
845299
504698
200901
666231
77973
709780
276973
967744
369147
639752
190824
453277
539330
678628
765637
444329
935751
834673
382426
423732
202597
249271
30640
872782
649692
356084
368470
160753
45458
923929
190179
951515
490653
231766
723670
234727
640775
857146
239808
320067
399653
204416
258518
574606
717352
802626
65982
360688
673982
82283
230838
331548
45715
345216
226110
928542
980940
804601
208084
70334
329776
410870
914241
500480
342514
877750
830071
822618
983104
741740
862680
943428
419817
4701
343366
662712
586899
578096
821903
526568
765765
353425
336944
661492
531086
976512
853811
338591
196672
382596
187238
767661
671709
646144
239568
258555
755155
923820
146037
913207
942510
186859
557560
308159
28108
518699
885915
516352
535805
18217
15896
554852
328018
215138
2638
977071
149763
170602
680952
453955
245549
641878
793055
733190
358881
220142
241080
989211
770099
68511
156009
504923
713379
136173
367566
333942
967966
363323
893017
544841
301083
474403
710287
715986
925605
918060
608593
353302
411593
671482
87040
325558
221002
222370
571738
875918
48
585457
73300
231010
417012
266988
232156
548920
406134
564453
648070
391847
983580
47224
757305
904572
951880
273375
955816
186139
205416
637627
950201
980945
334324
375778
666400
610618
34285
276591
18002
701829
955082
888955
601645
482807
74423
847679
607435
309060
415989
506251
83446
284672
228576
298186
680710
245703
436253
184517
867170
367566
572358
872400
538085
718608
896558
297026
653992
743618
738870
123843
235504
585532
539015
697576
313999
216825
20038
321057
344185
737859
486925
559715
524724
504211
585333
580200
849967
986959
658896
267409
212560
364222
336726
220369
32682
838147
220353
751536
906735
351967
608652
603863
539888
167682
183810
567206
776516
536295
69852
749261
846640
504147
279498
545240
705421
344929
358197
549776
673210
8322
720017
986275
443798
772255
587913
275006
962027
139362
564434
969499
733251
673561
82638
903807
345731
625087
664839
991704
596565
821387
588662
505319
407886
455596
944267
343463
507409
846889
610681
17916
108118
48725
646716
313404
788656
191198
626761
995984
702968
409382
951819
552562
730633
469171
769100
103891
132254
291665
670692
117294
699886
209283
127312
454072
213259
795744
275757
481268
745044
697240
822828
772452
58880
475348
562188
435229
653648
920215
428854
287226
935544
764883
183526
4652
90704
957285
497243
583803
748550
665997
440938
540180
657630
244468
237405
157119
97006
197052
247775
479507
929584
492910
479814
979896
160762
383282
944803
397515
349769
70498
145129
58653
229775
996576
832287
616060
558241
352841
925803
138236
538572
984993
524043
859289
535506
675020
456812
877984
765391
173980
67529
159809
759252
266698
438868
495698
750603
837236
238620
999423
324121
869188
444077
401870
311303
624902
491089
574072
326163
550793
696757
920411
822867
429133
44299
151781
612122
535063
509026
403010
722836
5806
702736
426931
792133
762055
589683
326304
213892
722814
895174
868522
799304
176855
120959
111914
902828
363931
139956
953255
223102
431288
945854
154035
638845
997183
702852
298431
386371
21318
4711
967221
419167
128552
920541
323094
711467
590842
766503
495505
467489
545429
112488
694125
381913
709938
207983
680453
622178
23210
273166
358100
483078
384907
909457
446400
192619
995686
33915
637116
859164
112773
800949
198253
340555
931331
221438
22514
597332
907926
847161
177175
611303
225887
22482
839992
584513
551937
951783
286742
735165
950976
78966
27134
951819
383295
896275
69475
579126
470774
707907
943521
989779
866788
385938
964666
233279
489535
266647
784161
643413
104681
67446
729417
15415
394674
45964
106098
869301
742023
626093
762236
483124
441862
833911
552763
724969
147881
467522
213702
17374
959872
1492
366507
177933
228282
839126
765232
193725
70029
269176
327672
393343
907031
199865
697023
857671
358979
715911
319321
519075
35110
318660
868062
109941
410789
422261
49888
714571
883062
674279
949989
74625
511703
599740
121635
367906
232668
37474
435722
16107
349592
362560
32002
260646
133608
599229
402310
248256
445074
808940
575239
963267
998324
304057
566606
245673
645458
556073
24415
160569
464261
726584
615990
445177
542483
17916
605346
108848
458809
431117
296924
666663
33667
890489
685449
540714
685006
287213
843917
535907
240684
63477
800835
732859
271077
112678
701150
718449
508212
199604
523354
553825
289872
39704
933644
964295
723008
423378
624714
153044
879355
676521
143581
198587
398278
593158
262229
182480
332368
791537
38047
322574
791410
267531
866755
378113
912255
102132
618769
967101
136187
207283
961886
155517
59401
679887
732718
173808
388048
298059
80328
480867
251427
795082
73069
810104
170647
710077
758880
93399
743019
272051
82226
5489
81206
51363
85225
22901
939341
159842
694311
491513
488817
591726
245402
536993
667585
685424
176440
380200
611292
428416
996956
529916
102762
138888
958084
594242
758887
13369
991197
410876
327299
974903
114341
67396
936014
851399
37128
908710
956787
651940
640149
165056
869560
572319
836387
779877
444806
652810
665248
658681
581305
292040
124261
503372
432374
277496
31140
52142
861126
530946
750961
139781
837820
860478
242732
942623
328340
107694
452339
256196
58811
866846
433492
448994
24496
745631
877190
910771
394118
73228
461628
938946
328534
603214
711989
554952
151595
528741
989788
292005
407136
196899
669467
659356
514804
738117
348849
817881
848870
144451
653295
805558
725238
461487
116808
409930
878254
925842
19332
970259
275762
265766
178049
56161
707162
962075
453487
2269
215066
772986
625969
238483
417213
823682
913517
724391
497277
846127
840222
167973
243732
400242
768812
827008
255693
117138
162374
492369
89219
305362
128007
953033
458458
827340
163975
701311
14601
898018
826137
802481
43447
24332
909473
672773
627183
878211
65323
790236
828835
781738
959775
373545
235717
238937
964755
259241
177447
359802
786621
136136
401879
883746
688452
481806
254240
166835
959590
894708
246444
569463
616411
228916
528766
372595
157819
128879
807117
103150
215631
171818
900688
583600
42198
330524
640169
446828
311040
431839
618201
695055
940104
652683
599243
294927
73024
983080
48938
573697
670137
150306
986928
284516
374436
947485
637204
200636
652524
745896
870924
211544
363415
202536
224632
694206
763568
153887
589967
76931
669586
835818
339058
703424
97076
396170
754036
821210
193872
1593
834095
230034
381456
44275
723480
48375
205241
942377
531441
693447
394091
717487
288987
823628
841973
406522
881886
853317
900263
322794
589465
339056
564708
595375
587114
885701
927524
336174
724618
348799
313862
834988
313950
971841
851773
530893
622605
199730
130995
964193
171051
769585
16862
17517
858547
83513
473004
582574
180831
249009
242850
72812
154361
81992
461474
303536
866063
563156
999735
45659
392237
181531
53785
937353
129366
910876
142069
210125
168596
137691
752504
672832
255298
879498
568022
909108
230847
366399
312619
915553
60246
515501
379207
911024
994058
212527
185162
334627
579980
833652
694023
151285
789081
903824
477136
676012
679888
772652
754990
393745
357323
582981
406527
547887
136936
545816
334511
380893
131770
813552
276202
397607
761932
759412
824775
163641
620084
674536
768488
630261
259794
647038
962335
157597
571652
772479
544265
843220
219140
389154
527213
653076
818870
14518
111638
277446
136356
135661
368934
779460
287524
940987
160842
886319
88232
495361
223893
114194
346772
648029
406319
164734
630443
19517
846057
765478
73289
287421
946477
145719
158922
898510
841647
332486
583000
468476
530069
559466
599020
144081
176707
73934
131391
353116
239454
605596
527508
348314
474053
522334
628834
916306
451982
582119
652977
436981
810353
704812
981128
692666
514771
766609
420471
905390
370083
507522
59358
639126
381392
892282
531017
359166
381458
215316
102673
765330
18135
210896
259668
219660
63357
399751
23574
489685
365744
494495
130997
643349
876329
240357
306139
415092
601772
399688
980632
583024
623307
641037
126738
71817
218825
961356
276268
955010
207722
993340
654955
154726
975494
729060
182535
111145
663652
599344
921267
220904
458426
7726
392562
936865
237488
486782
6568
865083
989576
627465
556863
742850
460619
847442
268136
349126
741756
644693
222486
972573
946450
297021
13567
867215
295581
814848
81315
642177
512647
694332
310006
828202
825223
520991
555736
782597
751603
857323
183358
256609
989031
999767
428140
800855
282692
434298
342241
243273
573361
882125
312084
974785
588842
428505
11055
405576
514984
348948
808979
983816
555735
797174
969755
69967
168170
598055
626653
385465
128610
686574
471334
639613
498256
610595
265556
247667
304558
9908
179029
507841
366231
130701
38070
314885
556377
457883
505478
848722
744896
528311
179212
806737
900010
282694
324342
812173
580569
786838
758655
812907
888836
680048
585030
173281
583516
648466
783207
65320
516101
859292
974129
745204
724960
305982
709820
107527
134697
694538
156061
391037
381335
115716
520675
940249
584425
646106
864194
205608
677872
207754
206557
632864
980267
794209
757054
261164
80914
423324
319239
329835
128956
207018
594052
742519
306712
192950
821140
953669
635857
601719
482248
729097
158043
464484
425735
953144
682077
126255
163003
306781
195052
547734
913140
719547
101234
520064
724015
350601
551206
534346
910592
188717
967816
184132
282620
426
970847
220687
877404
790355
624503
266595
93891
26349
914941
305784
709720
696834
244843
155318
587670
54346
234440
404102
590954
239475
396425
214574
331548
845223
66335
628138
462509
138295
692639
889938
177130
114535
342454
614253
75309
375209
372881
420936
235367
497687
366805
657112
767572
69550
414519
197222
918475
598080
576888
484521
930507
381684
430178
12265
856532
289260
240477
459227
694264
621264
665978
92420
269472
142861
296067
590293
382836
79824
530903
528536
599601
57692
157685
517134
277230
530213
564805
554383
512466
598098
620230
71382
391740
279956
104645
166536
976654
615046
470237
612106
274121
124984
11979
966750
830332
350744
929577
560481
172346
479036
936054
776868
183765
786117
846986
141305
895132
466902
536191
503796
824221
674492
672987
955723
372668
457414
281055
407149
378696
901468
967267
303569
584177
662582
413219
541746
378141
816419
911419
433882
655142
119059
724812
428244
687084
980630
372048
654599
990552
581319
202556
631938
166327
486992
909892
396240
477513
510167
82340
382265
847917
878668
586250
54676
468169
996308
277561
94219
678477
551790
683046
163138
931270
102766
883761
161213
460753
92497
902510
102758
895132
171025
852143
731783
216311
760320
54804
327358
1187
629195
495369
56292
639420
547259
386892
460149
863510
868305
304350
190130
179795
180594
236656
290563
190296
517065
92171
599206
443821
625228
68157
900417
234079
386293
94335
896545
399777
797424
795583
602546
471446
1541
753025
205852
401134
665348
632306
810942
670498
401599
166279
190264
509638
643239
465479
135088
509038
616175
405348
466584
60119
105323
587175
883955
1490
938126
520094
612282
172067
388968
88207
783648
449689
378479
641551
315555
770404
271361
188520
908153
986762
469601
547236
757480
753252
899239
719309
569218
321023
457344
827087
741098
689791
637043
250743
895535
960259
616160
835196
970595
93167
479874
419172
188765
482473
324576
932904
228745
656243
157747
359283
300919
872587
376294
909354
101143
464046
301547
369026
450247
466237
848742
894195
260911
276945
577048
19929
806913
488090
840280
6567
902509
379077
22321
649371
824029
232284
717750
898562
636281
820560
432356
302267
13538
764449
265466
964980
844022
389877
666204
562622
993754
437252
387200
808593
662378
866824
77361
583226
281792
275957
14021
73770
225321
801589
473138
187342
752596
371988
369720
431381
386853
717931
890430
446603
349092
414870
975683
176729
546711
83389
795019
388891
924437
698638
458646
699130
433507
187474
623734
783471
187968
42386
229413
983976
461168
211698
54322
851763
18887
657978
209846
374747
4315
149792
64144
882856
223226
871727
209130
878793
299504
392665
623463
729391
507321
210488
581526
536068
19532
39338
483475
200037
992001
286946
12815
8121
221587
186420
400801
35183
127462
397474
554151
721964
73434
677615
804835
205220
314383
487299
903821
917440
321922
100754
233503
890473
673127
933721
697662
453369
41114
213414
503635
1926
280547
379712
632530
132799
122230
861623
788167
179476
219437
48283
257946
778747
276388
886921
147283
977421
863025
870126
832480
964496
16257
705910
409767
390902
764448
427555
188519
875553
204658
396217
571359
622501
879506
44510
766840
678977
928412
353843
739601
60369
681283
909993
899274
414770
206514
39490
457751
706455
647246
277344
604319
278437
724569
540827
470432
611192
133949
899889
30837
690341
76502
128372
249013
987219
791410
837182
821730
178303
531257
672286
364714
762667
817572
633741
359819
17599
756709
425283
75835
891264
660084
774943
464962
353805
43635
167736
205903
464310
317224
229212
967956
750425
197449
951476
697078
905902
549164
446405
649705
319941
453384
407396
62862
672247
962117
918910
400169
749329
398983
475043
861917
208276
698128
873449
381366
738190
252085
460936
343577
378402
13439
682913
611808
607352
241224
947906
338377
964718
975042
460081
533084
150070
528056
602375
611427
711886
247313
113757
248244
963264
670706
460730
577215
76686
129643
48014
58994
123199
756040
391071
191892
286011
522494
119118
369019
430900
236165
904488
70800
876048
873406
903166
308473
217501
966918
40775
648305
875006
363237
247264
778226
573760
176963
14763
186823
475307
249555
563850
237847
334260
970603
864786
799330
29076
792331
531417
928408
978205
886877
381914
851134
899837
349969
693263
358001
556648
1402
436831
55617
315185
176795
438463
668525
236859
686359
898000
206977
153922
154418
762775
447851
335542
331245
456598
737471
714548
567327
887946
600774
462433
309088
541688
239489
760084
983748
262998
468735
156131
61131
816019
806991
708072
138130
526388
400540
373355
664114
879669
904109
24504
89915
949788
829683
39553
822556
960022
97954
563513
79233
621085
998234
351917
526267
401278
465307
161070
617725
983899
876468
934928
451133
467880
170557
279670
217392
438776
660991
341492
780815
767997
187477
764707
889974
549141
120618
765146
347270
358237
784451
483077
556729
910647
416617
596350
635830
927496
863552
389552
693274
560499
173932
37088
720215
279866
735828
819484
366685
608996
360915
241447
569784
804437
163200
652841
211804
909573
69929
235117
791085
514613
905197
610597
833023
296145
361106
45927
455409
396056
516594
766662
101402
113666
675231
959348
108578
267806
372234
252263
556660
914653
190617
119671
453120
417721
328873
833952
669781
978836
554993
629691
359891
887213
934771
679382
704603
790538
863066
976729
603662
190027
966035
606187
963217
745882
924789
778388
778408
495956
471437
427784
49029
690063
460847
385509
984112
898201
639490
889903
323175
292963
265358
593095
333877
239336
356806
637958
413599
424053
293947
515647
446078
946595
333936
118006
19566
267983
862970
527879
209209
608520
199837
993835
288561
810296
51309
305113
456582
969154
620899
471094
681684
1842
741565
304695
643222
948074
893480
325273
682089
301342
410399
302924
939715
277369
695530
111891
604439
910695
393510
236169
153444
640220
15334
927153
959076
757733
618771
815606
354823
141064
157387
151932
813522
203649
643044
203826
802064
778166
282687
621419
748781
807619
131085
126695
278802
874309
87386
91967
156684
858918
146473
992764
642154
913328
338023
379445
273877
30551
368273
187325
537561
612367
204682
191902
910809
586416
225831
633140
794754
184533
551232
312548
761644
455862
438456
570382
837784
140062
948946
213188
73130
481728
884971
527310
51520
355406
812451
603663
797545
349210
68668
501557
618704
244139
976910
999276
674857
929261
87394
511954
870753
909628
248539
729387
686837
913825
443814
136870
209623
57353
206130
413906
127478
545563
469047
195152
237497
513832
711555
919260
231894
851053
735209
533677
210870
956388
143593
971155
702267
986614
469425
653813
663228
317731
581266
146309
849986
525589
596259
144225
997321
746337
697816
555356
773086
114440
485780
893323
720173
306571
899144
422504
665121
467758
284166
827116
676780
901406
143310
790352
969267
977044
663653
180186
34688
975438
930058
316860
713052
390011
695967
73134
520592
208442
373586
267082
991213
145581
988386
786077
165868
713719
269516
264003
205006
491296
299857
134281
927430
123261
62036
61332
471255
841957
238907
218464
38662
441143
655233
489191
891883
757766
408685
991332
563139
844632
544838
4851
788606
365314
840287
563402
16144
939627
793897
98172
617326
29461
636685
137899
149600
597189
27719
638175
664801
957338
995950
638943
623630
621427
707539
161090
294285
608855
290034
522307
909810
350980
508582
635939
156631
877044
627218
809138
575298
456087
137869
190506
996792
673090
914651
232766
462500
255361
527492
187214
852480
360965
852093
890756
179159
103005
456905
614507
163570
6502
304757
752995
884153
836772
588995
411414
158042
147498
699871
546129
889011
410796
896778
794421
915562
583144
170483
333090
630170
628660
830935
229427
842085
555498
813190
989051
479545
658568
27607
822289
565740
931656
226588
37349
216252
16787
299307
581601
161157
524669
804580
105199
609739
172002
751026
745024
538823
65999
197878
543674
628771
809208
584571
783001
874942
708302
762568
818037
644610
704159
981796
55494
866562
781856
127333
731096
409139
572274
856877
144330
482642
220367
924810
476197
756709
257507
556208
771398
32919
538572
393404
827139
810505
735765
546135
472949
474105
657459
343350
415489
172710
68032
649472
932710
883118
508875
889625
834209
307412
252518
807997
545917
760916
838064
636309
930286
64246
613868
724462
204536
264419
302136
84183
251862
949836
54898
582694
34895
853730
440068
780272
877111
979435
747091
233881
706633
546905
592697
891798
930601
84043
532669
573540
935326
537942
77411
77864
764060
105895
849385
817219
544480
63453
430508
661053
775786
770143
595889
599405
625128
482286
15006
929562
901566
682034
379524
946060
472747
189244
355888
935943
546471
690412
377948
45832
779020
261031
115881
917639
775028
89854
231451
586463
478144
177100
12812
807231
770982
401940
578035
927689
779874
950558
908062
686976
237559
754161
683416
729465
305380
336125
64164
118153
414830
248294
55392
988360
832340
630487
573218
158950
152197
800384
298169
690022
871125
940029
911354
140238
310478
475843
587
94802
829561
638179
190430
634324
160677
398215
752735
999355
861589
445236
568333
507023
148620
112967
119351
743710
895449
276723
674774
560858
193252
488076
938127
633724
4459
492350
250467
688970
51274
441368
854622
211685
868905
442875
613576
70236
452376
293066
179675
540373
38958
517983
671347
905260
478723
931287
760972
186649
14722
830505
428853
919685
761425
317211
953351
35600
854131
468337
968179
547312
291104
869627
259569
196961
349498
415977
342560
917140
906434
779791
886704
788467
912333
794147
889955
388038
971202
470367
662712
633123
983084
958786
246372
221143
338828
194718
443059
958930
271712
433766
298057
483905
825471
269604
835009
885808
173444
617921
548720
608672
538255
519323
148661
604843
114657
607470
579956
891935
944742
486078
869344
8637
611575
118665
586363
541169
37819
236912
689689
68660
329714
30912
24745
748703
916279
733866
417883
613690
441663
510088
434517
799349
933060
790781
189250
720029
196320
10785
821348
228197
88951
562681
291908
358699
907596
731160
541268
792090
253441
31414
360200
62282
807295
470303
576752
428161
694206
249108
224447
300156
842898
783187
655532
73450
570319
475411
324367
964146
386052
199516
346103
675088
169722
260078
177164
717156
303238
571940
511397
881995
235006
493387
922165
505070
517441
54880
234872
170857
582059
769341
174496
28429
569808
854133
857236
175698
768500
885682
344072
962999
759444
153425
841210
159555
663159
791743
233734
454803
156131
226492
129249
786739
903367
925344
940032
525777
232208
670993
527099
643941
830452
474725
109107
776667
465727
152448
108709
2492
919543
676775
527811
543499
213050
106584
8729
299074
481026
964334
437378
29401
109282
653077
804632
880869
918126
793636
987426
431381
521931
103902
205293
312410
547921
703774
675108
385061
446289
60501
926996
628246
4406
460426
818637
205605
125466
987158
464244
428028
963420
75973
492985
986579
542073
575589
920729
783315
946519
595096
66537
841554
390034
446605
652333
488226
762513
971442
88340
508928
479056
148982
686443
541492
325610
302929
254958
151470
379734
131649
948969
754296
573942
943898
301831
235153
586883
852264
220365
952293
731540
318944
278642
155129
21214
243749
99566
464463
364063
493874
810519
594028
485625
232574
605814
925157
592717
997381
806375
381113
150716
851880
239002
502785
276085
519476
683010
165807
777714
335106
48091
805826
114547
95405
530388
966118
13407
239153
900935
996432
917080
881957
784353
206451
851272
111329
548174
213409
732915
768699
71077
709992
865000
373725
471215
477128
388300
720531
539250
553176
955207
855982
505490
294958
167996
47094
359282
130634
251179
196895
620254
329860
304166
786672
991549
428271
677008
409850
319363
669594
188503
557363
897720
772990
712372
549550
575014
848569
972633
798523
241016
616652
222045
797444
107272
552572
102158
731169
640626
843299
606960
992740
741024
508307
38865
146760
891662
917486
173646
519596
238428
589269
621140
587850
458117
987295
213560
919124
635927
321471
273172
211915
82505
479695
752117
971565
747053
579597
316194
723859
556243
531222
786397
985727
222144
130153
754929
150097
18567
594395
874847
403599
920788
94637
329663
28987
529870
492078
155835
605246
997843
931247
231036
684785
893020
333991
708043
226739
485245
448365
737650
108009
432673
594475
872058
905429
199806
840724
596732
557948
321008
369061
55952
351631
984052
814310
932968
815963
665265
661003
321692
709169
78805
859676
877371
778785
913663
945431
580479
926846
784419
380217
364136
535630
689376
239111
482084
599965
905374
925921
748495
862128
470905
55854
957213
344870
816523
169
309126
406210
56391
57221
923968
250523
735
855419
364368
910609
956269
231321
465431
905384
386092
480753
980901
767986
146160
614956
981520
221760
106215
958017
704675
277308
799357
720647
177619
575142
710149
192720
850014
93823
627820
886004
120462
121648
329959
251305
181300
430638
341683
500301
302844
826487
177899
546004
574855
82884
602915
549615
598969
924734
933118
268374
450446
577861
942055
40559
168397
383621
677975
768732
773428
182474
966218
227409
817499
693689
268193
396049
18321
651893
416022
758613
255826
318499
690800
97898
682683
760912
863776
18386
586021
733185
238407
120464
850318
423744
80436
223864
516529
761197
741202
190997
636164
233532
795186
272025
510414
72280
976915
238776
553702
713158
794890
246880
342471
679275
653626
203167
421689
176642
199934
864295
846428
176229
177909
83351
738438
784649
125901
968076
394457
537190
839138
691587
227928
708909
577086
733244
411105
318662
906950
695038
669883
604835
548582
278687
520670
76307
409247
234282
621182
536294
238989
167414
244441
142893
642814
821392
461735
128974
552097
862913
156339
609609
293691
290354
971415
631012
195078
52872
393117
302086
454853
640699
162530
25155
863448
872714
255851
592975
948605
721053
236681
776600
44139
221795
13037
888208
893645
401800
290164
1024
445788
745517
570334
369437
368040
499927
463465
325148
459158
141643
396891
84758
380460
132247
830200
926210
643272
486673
139328
272582
906589
572906
945413
534206
871823
249235
67065
54232
367545
800333
314989
690682
923960
422182
232403
646521
881581
465928
280602
281825
874810
525641
425743
398307
746848
690962
873063
959952
74966
854154
395640
837735
90207
157775
441155
338090
877911
419548
684971
983076
817179
210959
578905
663501
97772
497332
748235
629925
646053
756513
744336
225047
598487
227190
567144
183512
358074
345491
589156
837702
974178
207471
441349
508118
490393
338611
452694
837459
795636
516489
873644
11767
753647
46737
319101
238968
536132
232874
181758
107897
375132
969732
846789
700748
417506
98699
399283
767119
935609
489845
958206
402349
960253
573725
587021
562605
812598
748784
83165
33146
939596
253267
623230
540830
836490
151334
956900
825363
423482
257877
456067
781005
850827
999715
115229
426894
672187
165818
673317
937930
323972
72180
759687
336422
125967
331561
698738
118132
811964
7106
444502
379404
621383
924089
62870
152733
855967
715263
974399
240178
313844
870650
393416
426638
886911
548928
761093
354649
648404
663708
35421
387553
300925
768434
434374
900633
929834
44129
709599
838518
384544
694382
131799
633160
8619
846010
645269
799101
677287
482522
598127
140632
132877
816403
988007
310750
70869
815860
208015
644431
946468
569439
429167
891623
155156
489873
143262
456556
174273
224006
144769
915293
284884
308485
702702
733686
114068
271325
149696
28344
987226
877764
951305
549748
405832
827487
548800
748953
832329
681538
246862
239243
73785
859462
905943
21867
599750
628329
529771
60169
471321
616291
664686
277540
701121
135063
703081
914270
29409
208750
1112
840407
275757
741699
140555
560551
69958
257606
698840
731148
229284
786248
932105
925228
990406
485579
500508
826864
28863
500186
685979
466156
184118
491439
722507
707030
867975
862277
986389
400425
846442
589349
756506
727309
376554
196632
288056
234407
721302
719950
564968
776856
587875
441138
658969
160118
894793
712389
213417
510783
264788
446770
169270
426013
301798
77645
386499
526269
948718
333572
591269
173019
610870
719069
450330
52914
739150
936166
571209
80267
489027
426567
811011
437766
963616
712203
234406
494597
347024
654398
314685
669535
182130
91032
837906
551315
34185
752022
149242
988670
272075
787210
347984
889510
531882
396140
841494
837188
755087
245254
165334
80926
222240
455541
190989
376655
53431
982617
658881
578253
732956
911396
373777
173826
868340
151219
216545
624717
957362
736997
863928
758326
76384
632847
95694
225179
592570
942356
108626
50057
961911
279743
63521
46260
189107
458802
277549
296371
853310
788064
126730
452794
682366
209273
699266
5385
803124
235565
779016
504939
310322
58344
527423
780272
169901
422402
311230
175471
82452
791452
276509
217668
399568
728923
954257
80833
342724
394181
674140
806042
387524
839410
880244
412038
616114
582353
888792
585102
274248
542593
340243
460335
432206
157956
914603
895346
686536
896873
360358
269364
902922
533101
450833
66241
971841
186438
40291
158831
380385
536088
784596
211724
716121
926836
451880
346602
868645
529268
410583
577687
347512
856862
599414
346198
112986
841297
107033
598401
675975
276692
869988
348398
303895
482779
149881
654914
911801
557246
726855
880944
890226
957309
366810
956379
399452
346214
825539
572945
176954
807080
185339
127193
538350
496220
447967
99015
294935
909636
351628
453179
568132
829532
545060
52076
856354
220237
874416
695497
630764
807630
32385
141875
318103
497564
656398
248349
235208
732779
357759
84743
374383
128165
9661
565472
996244
575720
462536
771355
911588
759398
907222
449832
197361
980551
545515
990847
118612
721561
267195
408851
479555
595773
183939
170905
56147
280684
635178
918872
876187
478743
699032
627645
68845
798116
964264
4134
540701
5099
853998
108061
357327
27113
753045
355731
154082
10629
970329
840381
761140
472894
418982
976605
705437
676182
140334
414730
683350
945877
50737
615629
168426
685047
182809
349710
83896
210237
939203
611930
98837
734059
998639
504014
838835
94921
695981
441209
584297
442361
464535
935530
982796
211328
745313
609704
925737
731647
284999
791734
594068
570061
642209
969275
682079
225506
319861
629426
760773
463780
940180
114948
591641
785316
835952
64675
377356
462813
407736
245938
252178
147259
187686
550957
741001
35778
96487
3326
213949
972949
1338
734462
788898
188983
648273
81739
770099
620337
992544
463806
21308
343041
146152
644042
260733
224674
883264
908005
442356
472391
5464
965343
248615
57740
545033
13923
429896
994763
218660
175493
347208
232218
710440
751163
124288
108887
871307
937395
359260
336903
208199
419268
872231
376967
847702
831473
173479
519180
564536
338648
978085
850191
115939
975024
53503
552809
517649
61895
319018
497016
856915
725221
462552
884736
88468
811905
580692
991753
653887
576399
657055
666131
840981
518231
310859
755150
461370
28101
785178
196816
825678
875455
539699
244533
837037
312984
674574
221363
437435
953685
739503
396952
224925
19150
861860
532710
486755
888658
536622
848694
278390
297285
668753
420090
999820
228207
276062
312419
182582
47631
416942
411162
850391
45738
728311
553815
781846
717408
328442
104422
272837
206088
456349
57449
54433
86830
289327
443496
578838
792964
644073
315559
754511
438262
945824
725372
721789
598287
457679
546043
300799
895908
130723
978255
214453
720907
227991
113889
981780
128119
21454
398346
545643
211797
574101
728491
131483
958078
672043
350016
701572
416288
924572
274558
325034
626802
392306
661593
477464
396326
310473
998446
735505
455137
871669
143621
889872
131753
139494
25645
848846
642369
669453
507133
857129
292442
619252
405864
304463
942137
122724
144446
456724
600234
120698
454560
346175
175846
528541
709294
611673
883798
638332
87953
155563
714519
509737
742743
780745
841129
606327
708034
749016
159086
168007
680752
505640
480172
223913
135960
300421
145025
950803
724262
139416
703732
87946
781091
122523
672394
123058
107480
524868
371077
992008
867636
390978
575576
340468
527816
565334
445461
22257
351555
373642
538661
314214
308114
846869
684919
717399
389195
421238
219853
85648
446396
372543
177079
110097
342645
382482
660890
697229
773596
444892
74381
661461
537235
480676
278945
111507
464731
900779
626737
584938
215400
394579
500291
884606
982176
61579
197526
611676
234713
257310
551613
605365
988174
198550
464267
976264
886871
175099
444647
48721
673388
121312
646876
760719
351201
870914
28917
614243
715564
551000
368718
921991
779021
343033
398812
602288
482494
31423
136099
920642
999937
75387
229368
254848
857239
843411
964261
227273
888991
718027
224944
627421
743160
938588
160979
699328
544638
795297
830167
700493
744800
612399
260342
739125
436668
2108
4842
363409
790358
95880
637835
488318
780195
919104
123407
377038
394260
102512
591050
325342
807651
627380
435950
125608
87843
154597
211328
283788
959451
750862
418142
76183
236749
999209
487067
547028
141047
266452
684004
943375
467720
33161
495552
643712
112939
852587
965765
645133
411303
42863
469959
722858
64797
242238
961336
232264
415131
434522
261546
586835
880074
37064
922374
310665
803434
524739
907446
501931
450466
826221
853974
251150
132926
652864
972225
496268
242449
947732
791069
762682
754222
500851
856813
955670
597781
357594
509513
351989
743648
74852
634164
775077
899759
792077
265240
197371
76728
748602
403963
954526
273216
900221
804871
539069
530660
516258
241184
580068
395412
899361
328022
664393
907875
479496
694875
764291
718035
809173
841474
7135
525068
560122
46708
390783
423643
101979
910542
551964
955002
907068
323712
146475
587596
79590
66375
67568
90517
108244
359848
673975
798148
671853
186327
915524
903952
397933
369362
579248
432780
620705
754456
437164
708013
2653
731369
529937
274695
455737
155249
726927
708321
107819
985378
129760
463451
559675
489088
877085
126112
444499
170763
455845
925972
446262
526907
20808
294664
66001
191392
935425
121300
353929
518759
83443
914592
708077
86491
124252
568593
653540
658479
193367
266746
753486
55501
25906
325969
800952
252603
744368
964884
84758
789843
526099
990127
825090
32805
901586
944375
674476
872657
847015
844836
789625
740725
704310
74790
376960
712754
6594
569002
481803
357183
955975
17746
481398
509244
345532
681601
832144
47254
769141
361601
829070
352026
92927
268713
95559
535753
248134
422939
488553
102741
510138
637804
656518
851858
230721
78816
671493
686407
314498
646247
666839
848949
280732
2768
293068
771785
292520
669633
133663
838216
505927
72509
217625
603867
470166
835866
913387
919212
39712
322174
177797
358172
923089
976650
954762
557383
448184
842874
38910
751167
303095
378566
864728
708760
296601
55432
773451
699532
273616
121787
137970
639533
639542
917161
625223
441193
959143
581172
839190
474724
397677
216751
649867
254737
733183
310882
80274
508901
503907
989897
310323
851713
195952
32678
674915
338392
232806
712036
962657
504251
834070
614536
622871
322928
173686
917972
966574
757836
226657
602656
440688
47063
584400
993983
643479
856529
112957
201280
718538
243450
913467
288764
662106
497091
426012
784311
201527
251658
462035
574978
127209
269589
757568
24182
591241
395239
143772
611828
124925
419765
965134
827557
189230
939707
74628
7816
636256
809673
529867
828889
609528
241443
951831
32443
952559
319780
376718
938253
52624
323397
91053
536576
656974
696871
152576
155054
728101
457551
494072
331336
275037
832227
613517
155773
415300
301511
618898
494919
785872
773854
457580
473374
954123
481955
892454
7483
948766
590974
552019
40964
806080
385817
139591
569332
166105
185595
395657
454360
676373
785675
45347
597390
967446
766157
978040
292738
126166
303079
835250
27230
732585
490063
438266
626467
237035
121500
830721
379151
505041
721936
471994
73792
350429
35689
645859
220393
544320
118952
218346
124813
282103
230199
219479
982612
356502
940838
585482
924583
889803
431767
148105
57323
512192
288851
12987
721611
806512
437430
332664
968462
121331
708082
56662
606075
764586
286119
192053
389423
507541
217765
559341
697890
697305
866942
725703
351538
327409
353282
94656
168402
883837
83138
53082
75577
656921
387363
594467
533567
365464
475077
567337
568032
689028
791851
117349
9256
907700
781877
469658
364524
215073
307642
365078
969438
136447
172436
195141
397870
217930
221184
936736
903785
46787
191751
463051
115745
251249
112768
604109
558553
771157
946358
797384
438715
896655
783016
342929
540491
808822
848685
459599
146253
863617
30778
4410
537668
537419
568160
686621
942992
764438
703838
130091
188165
286552
928708
901154
627731
115916
811677
223414
720950
502744
514960
961795
735358
161806
870883
139483
423398
495710
676021
185634
228308
812299
699188
811275
659419
880850
609846
159142
584809
144282
272189
975800
727366
698827
306908
516402
159252
30708
504545
82968
881211
802146
559486
869890
225466
44658
150672
539531
240047
51093
608997
297171
718195
854091
21754
644105
764877
327366
996881
829415
170476
596334
713360
230131
609673
990163
438559
93247
702616
239755
981942
975605
161122
477955
999447
864030
209880
642505
887768
620538
683437
933083
923893
280201
4209
524692
493224
919309
794306
897423
488870
482485
700452
702665
531431
542038
23654
596067
648642
974874
715286
914053
365814
882876
11872
934537
258361
776387
26178
36394
220172
49735
338579
519003
670956
549987
52442
446243
644026
799009
556786
149245
754245
548411
774043
4912
231345
694274
747368
173273
876934
355658
984390
507453
901801
142764
880598
881601
979922
749339
101119
781518
656204
530113
876566
583921
448198
66484
844753
57064
677045
556239
736576
120510
707837
810588
945554
377587
341951
84445
520094
50288
562818
274540
970121
577495
880752
95969
69051
696715
807814
77440
360367
263216
17749
786546
582211
119448
886711
764395
111660
877334
645424
295919
288731
604457
37533
663434
738476
631331
879419
448390
407584
235539
474454
454028
905081
241522
668837
550149
821179
790454
721712
692407
229076
119620
197520
199441
980636
85110
574222
613107
132013
429720
26908
266725
307208
227659
669915
645425
308100
786449
270197
719697
656583
488465
764022
978731
283952
979429
512785
366534
161245
283723
504376
931960
255524
820665
453643
846322
98459
358048
312902
428143
476495
520947
167653
293117
446580
422397
773128
783854
614924
94234
163028
246080
370770
238758
346058
598543
548844
316097
708952
978039
452060
363781
891873
786001
144761
137692
586198
837386
393250
315350
846856
754128
690898
958907
4833
284449
255010
218550
136125
510465
225709
661778
636140
982681
157968
583439
568421
960992
371684
903422
985677
923774
709879
137340
318432
162142
91726
155946
333720
24724
255982
865353
771214
98962
232923
118770
98080
648449
668767
390292
953013
345080
66653
476736
634393
884329
588686
217137
157298
65686
16797
45601
199049
209142
453451
350567
706451
812653
173818
140660
950758
192523
136626
215921
754058
699581
987702
339927
106740
313111
949189
15625
734833
121881
377970
327193
709808
50604
349327
774395
549184
377079
353613
49884
110458
683582
301504
600783
750777
877889
733742
881708
275992
844528
264009
932620
251568
799120
939241
436402
502366
914328
513446
255607
202803
159275
464341
622625
954298
174781
159771
823924
693557
139302
191174
314040
603156
428284
511247
993800
487971
738522
852125
910985
350640
91808
864523
604127
222922
132295
170057
337546
648047
657145
577691
667961
298547
98845
640868
617088
504031
324238
855023
639192
547514
745492
412842
875435
859409
487176
726008
89832
293780
816834
604592
584967
575770
526824
875567
573564
641990
676730
285632
352800
763653
143975
274697
548895
325510
850424
892270
213972
231935
288746
200242
700697
682083
439324
73474
678583
228048
665054
64695
508854
748373
539649
673452
338139
664598
239579
490443
288491
120822
99598
845327
128984
548655
295742
814368
470737
994032
559153
517064
755605
536210
636777
543386
321412
248755
976951
159161
520883
890223
751209
974329
611008
464684
131657
540244
536852
371504
325988
112906
259516
236791
195808
106351
932800
941964
635629
819968
242264
510405
887776
416480
537181
487286
359254
886500
341871
82943
85244
382748
38820
681755
916948
247536
740747
298345
918136
764491
784102
853154
128010
395198
227438
811413
597573
409977
377811
941033
644831
128353
927838
970809
652898
707767
37500
691325
575811
773287
335001
277037
421391
711668
905200
100176
427297
712924
418163
872257
589072
610878
243578
129433
41110
16754
223243
446504
353388
862141
736948
888611
63294
416980
86314
176108
929449
358934
838299
447711
81568
425526
841248
704492
115507
187479
230742
46286
742472
832580
277052
668965
733425
732593
82927
589282
636914
447395
276896
960541
633746
940929
987681
447258
899765
481020
735875
873483
746399
26505
152833
689837
953728
319259
585133
136057
82797
912983
460178
622472
106322
580359
233916
392140
854836
186010
478569
286308
947439
338464
925928
845101
607158
805970
789654
101528
584951
340152
408806
242239
660654
502783
949712
789302
955308
971520
906163
951134
760792
383450
888933
614852
575424
999604
608185
778367
111069
384076
402515
817636
828270
183871
972115
543750
44039
338422
32805
299294
317934
907933
196456
778994
485437
383034
256347
456875
112875
996989
476628
633543
837886
882707
927180
572402
139029
417667
831386
297270
744510
307580
73174
152640
484795
678308
63617
246793
970567
735592
959573
688810
704532
540624
846058
751042
782610
107018
638787
152885
27638
189222
404605
469205
435248
698582
327705
883570
936438
635137
291272
735022
746857
546317
340020
267925
829024
367777
970135
642996
852588
599658
783567
596714
371221
254222
354175
407250
588328
222418
971929
844436
869638
803846
591643
92948
287324
313468
831175
45028
705892
140269
645822
468556
867902
701782
663881
160385
969455
436774
283201
6112
887667
844671
161535
602676
737092
3066
100868
777305
471424
629603
236341
281641
771984
630268
877396
477477
152070
984833
896040
893354
994381
881229
463065
491792
100833
310446
467419
908746
50915
364122
975608
35981
192278
743727
810947
568335
741809
369235
193657
357315
139143
852054
486484
202020
438424
84055
992001
476396
361850
178862
727721
412862
854238
534754
804242
285207
172202
634573
838778
537116
686031
128676
395932
618748
125137
990443
541893
10665
366746
462674
94908
661608
874366
726757
320771
446801
336961
11096
349861
265334
463801
899400
368083
479275
893523
19232
173166
233395
84867
774290
780157
783460
873633
214132
797068
728071
297774
467055
674361
138429
575311
811358
692473
229591
578680
558280
992129
538657
930223
140747
684675
862876
207678
540316
483365
861641
635512
463050
949597
840514
99697
474340
547222
270861
238557
134541
776884
393581
61114
195645
443145
394304
497370
83757
725462
866964
305321
279486
151596
740901
334122
413810
758703
494325
698557
331235
158242
284369
637342
911329
414378
469062
493443
560633
392281
118584
279553
298396
442001
26151
806130
833030
841132
796316
67839
25086
897608
20916
744891
552648
26977
870171
914790
525374
177102
243334
139107
402136
836082
31536
46144
67661
42385
801676
865005
459614
342920
519408
12718
518296
872695
17308
176895
682880
679504
503588
557674
40384
319515
665215
375150
775584
678381
201121
38404
619079
404602
411802
17429
689976
467459
848199
185735
915132
438336
298741
44190
359586
102874
21362
373525
742879
890710
768423
960820
272663
161577
440044
896614
745706
160226
952122
353176
717820
389282
247567
434954
525689
762928
481225
421926
328987
165018
104363
589007
283360
758910
589620
343606
117037
68998
282087
605542
452076
671113
3956
320420
717817
252149
324609
779636
158122
622222
458819
675077
546379
568948
556199
977112
28167
777556
938583
344949
702379
629092
10065
796936
891614
126528
366168
927883
697296
680418
173581
147849
397436
810514
664137
24584
7185
611934
318518
643281
991107
257935
833616
276105
404739
684735
962115
987443
185579
847193
165784
701603
681714
547198
258312
400813
957852
435515
249882
500799
730403
166577
347407
833193
76929
24599
145305
207588
786692
229321
367216
147006
46771
893412
895833
424537
617144
649564
785201
396531
586492
190296
366261
112277
497032
964095
729277
652934
465271
139142
526362
460148
555621
661611
43491
154230
770424
921873
525501
699738
599003
920441
900386
720122
841633
587207
95854
966234
570481
395832
98641
284335
492509
785738
226152
719031
892901
576270
380150
644913
64829
196030
263833
501068
27263
311893
216149
263363
656782
944706
141465
805804
774043
137652
379057
674396
199611
312590
829996
451082
368023
326189
768410
908386
598688
119151
732375
432689
481957
141475
452737
427471
37631
817972
510594
436718
947594
163092
528518
852166
176224
860905
25418
298749
26295
377321
993115
265032
46511
373893
520736
994950
671686
316775
684896
997510
110286
733725
556799
811557
914601
256450
394338
111040
919448
9600
540864
993225
265778
144201
748727
921537
232992
583135
106657
873769
393175
65588
890355
715997
428265
646427
643121
724976
949870
212793
424231
453303
810638
321428
427757
251131
473544
667354
276972
442749
484032
229337
623305
392210
832760
428561
714257
444477
111568
392712
782071
383931
861066
351940
895074
464538
871241
257060
591889
152911
90000
219303
193478
530457
692458
958112
671517
263678
31624
811886
469799
464559
879877
579166
714752
807228
228873
861583
763033
379355
360835
823703
152023
800148
294362
572463
498841
58808
6591
562929
567304
643082
366303
215427
236174
24829
612936
323397
618047
952108
533080
620437
888378
870141
503443
360967
281186
269338
352963
826226
51621
309638
73506
738824
689890
35350
796411
895474
852943
618416
705363
687645
249229
779051
215693
487159
221812
336356
538845
763228
697045
977383
638149
384389
345500